%YAML:1.0
---
mtx: !!opencv-matrix
   rows: 3
   cols: 3
   dt: d
   data: [ 4.2460123098826216e+02, 0., 3.1368710208408021e+02, 0.,
       4.2580684164233861e+02, 2.0905408492407977e+02, 0., 0., 1. ]
dist: !!opencv-matrix
   rows: 1
   cols: 5
   dt: d
   data: [ -3.1657692547061378e-01, 1.3977773352359399e-01,
       -3.9468547128112350e-03, -2.0208469761674335e-03,
       -3.7651342155187575e-02 ]
